n,avgFromAll,timeForEach,
3
1755, 1446, 1426, average: 1542
1391, 1455, 1583, average: 1476
1083, 1726, 1571, average: 1460
5
393, 5751, 547, 2000, 20005, average: 5739
1801, 3223, 2593, 3337, 2524, average: 2695
2611, 3212, 4194, 1799, 3281, average: 3019
2099, 2563, 2560, 2556, 1685, average: 2292
6
3222, 3283, 3273, 3320, 2550, 3156, average: 3134
1823, 2674, 3244, 3262, 2673, 2592, average: 2711
1485, 1739, 1398, 1495, 1576, 1225, average: 1486
1295, 1592, 1088, 1659, 1619, 1726, average: 1496
7
4187, 2585, 2741, 3300, 3274, 3347, 3202, average: 3233
3177, 2185, 2550, 2448, 2626, 3313, 2165, average: 2637
2050, 3290, 1719, 2054, 2044, 2661, 2059, average: 2268
2650, 2062, 2616, 2240, 2117, 2393, 2602, average: 2382
2136, 1783, 1737, 2159, 2004, 1758, 2030, average: 1943
10
4262, 4285, 5857, 5955, 5941, 4155, 4315, 2073, 4344, 3191, average: 4437
2522, 3134, 3260, 2616, 3187, 3277, 2683, 2031, 2683, 2549, average: 2794
3351, 4204, 3314, 2101, 3300, 2603, 3246, 4090, 3166, 4323, average: 3369
100
average: 2823