3 (20s)
1030, 1829, 2005, average: 1621
1849, 1440, 1225, average: 1504
1710, 1662, 1302, average: 1558
5
1086, 1080, 1062, 1066, 1062, average: 1071
1435, 879, 1127, 1125, 1067, average: 1126
906, 1080, 1502, 891, 867, average: 1049
836, 1294, 857, 894, 1692, average: 1114
6
0, 20009, 0, 20009, 0, 20009, average: 10004
2015, 375, 1470, 398, 2015, 327, average: 1100
72, 6063, 77, 4520, 74, 6063, average: 2811
65, 19263, 28, 19257, 68, 9146, average: 7971
7
700, 1444, 563, 1364, 874, 1025, 1100, average: 1010
731, 1199, 883, 1177, 844, 1027, 1153, average: 1002
690, 2160, 377, 2223, 521, 1458, 848, average: 1182
10
15925, 35, 11944, 48, 11761, 52, 7777, 52, 11743, 48, average: 5938
22, 19397, 56, 9271, 59, 19258, 28, 20008, 0, 20009, average: 8810
9215, 61, 19177, 63, 19253, 29, 19242, 37, 19031, 102, average: 8621
w think:
1230, 651, 804, 604, 1366, 363, 1843, 490, 1585, 482, average: 941
2117, 346, 2652, 243, 4217, 245, 2597, 366, 1724, 407, average: 1491
3324, 157, 3307, 190, 3161, 297, 2526, 279, 2536, 261, average: 1603
100:
average: 1438